0.6283185307179586 -0.20943951023931953 2.0 0 
0.6283185307179586 0.20943951023931953 4.0 1 
0.6283185307179586 0.6283185307179586 2.0 2 
0.6283185307179586 0.6283185307179586 0.0 3 
0.6283185307179586 -0.6283185307179586 2.0 4 
0.6283185307179586 0.20943951023931953 8.0 5 
0.6283185307179586 0.20943951023931953 8.0 6 
0.6283185307179586 -0.20943951023931953 6.0 7 
-1.0471975511965976 -0.6283185307179586 2.0 8 
0.6283185307179586 0.20943951023931953 4.0 9 
0.6283185307179586 0.6283185307179586 8.0 10 
0.20943951023931953 -0.20943951023931953 8.0 11 
0.20943951023931953 0.6283185307179586 8.0 12 
0.20943951023931953 0.20943951023931953 8.0 13 
0.20943951023931953 0.6283185307179586 4.0 14 
0.20943951023931953 0.6283185307179586 8.0 15 
-0.20943951023931953 0.6283185307179586 8.0 16 
-0.20943951023931953 0.20943951023931953 8.0 17 
-0.6283185307179586 -0.6283185307179586 8.0 18 
-1.0471975511965976 0.6283185307179586 8.0 19 
0.6283185307179586 -1.0471975511965976 8.0 20 
-1.0471975511965976 -1.0471975511965976 4.0 21 
-1.0471975511965976 0.20943951023931953 2.0 22 
0.6283185307179586 0.6283185307179586 0.0 23 
0.6283185307179586 0.6283185307179586 4.0 24 
-0.20943951023931953 0.6283185307179586 8.0 25 
0.6283185307179586 0.6283185307179586 0.0 26 
